-0.05959963798522949
-0.08133284002542496
-0.06889913976192474
-0.05387922376394272
-0.05470879003405571
-0.048282161355018616
-0.04919518530368805
-0.048283517360687256
-0.07933560013771057
-0.08913656324148178
-0.09732983261346817
-0.10051623731851578
-0.10529814660549164
-0.16986267268657684
-0.08823941648006439
-0.09888102114200592
-0.07946019619703293
-0.10083459317684174
-0.14092181622982025
-0.090483158826828
-0.11887337267398834
-0.09576485306024551
-0.0745520144701004
-0.1382342427968979
-0.08016493171453476
-0.11820018291473389
-0.10604152083396912
-0.08775296807289124
-0.09213627874851227
-0.11533275991678238
-0.10865271836519241
-0.16747409105300903
-0.15509222447872162
-0.06923217326402664
-0.07102631032466888
-0.02098466269671917
-0.06813888251781464
-0.056581106036901474
-0.1255492866039276
-0.16300198435783386
-0.18095450103282928
-0.14752155542373657
-0.10903593897819519
-0.12373289465904236
-0.04366883635520935
-0.06789600849151611
-0.030236218124628067
-0.02733343280851841
-0.08467910438776016
-0.13787773251533508
-0.17747732996940613
-0.194989413022995
-0.14286570250988007
-0.11990361660718918
-0.04566230997443199
-0.0185861699283123
-0.06320780515670776
-0.07233033329248428
-0.075103260576725
-0.08448821306228638
-0.15985044836997986
-0.22670544683933258
-0.14049884676933289
-0.13984952867031097
-0.11450199037790298
-0.09356163442134857
-0.06619289517402649
-0.034269168972969055
-0.06715016067028046
-0.03449583426117897
-0.03380976617336273
-0.041127655655145645
-0.10154348611831665
-0.11849658191204071
-0.14870569109916687
-0.16384509205818176
-0.1586611121892929
-0.1296641230583191
-0.0986960232257843
-0.12503023445606232
-0.12090262025594711
-0.10032646358013153
-0.04001539200544357
-0.058877985924482346
-0.03828572854399681
-0.06010773032903671
-0.07019984722137451
-0.08089342713356018
-0.10605869442224503
-0.11927628517150879
-0.1055196225643158
-0.08738917857408524
-0.1393452137708664
-0.13165147602558136
-0.07720247656106949
-0.1493673324584961
-0.18085986375808716
-0.18810757994651794
-0.07370457798242569
-0.15051883459091187
-0.08944148570299149
-0.1206679493188858
-0.21268552541732788
-0.22790968418121338
-0.22453901171684265
-0.22049960494041443
-0.21772557497024536
-0.16401684284210205
-0.10232055932283401
-0.13412261009216309
-0.12911073863506317
-0.1897713541984558
-0.14028584957122803
-0.1655220091342926
-0.19923008978366852
-0.28226280212402344
-0.15465940535068512
-0.2157820463180542
-0.1846086084842682
-0.17483410239219666
-0.1702146828174591
-0.1889423131942749
-0.1045469343662262
-0.20463168621063232
-0.16416573524475098
-0.16692759096622467
-0.1888214349746704
-0.1831820160150528
-0.24944153428077698
-0.2543644309043884
-0.23630759119987488
-0.20256194472312927
-0.17268767952919006
-0.16776949167251587
-0.14200358092784882
-0.19169966876506805
-0.19258104264736176
-0.19054251909255981
-0.14367815852165222
-0.14179737865924835
-0.1805766522884369
-0.13160672783851624
-0.14156347513198853
-0.13874128460884094
-0.11535301804542542
-0.15223515033721924
-0.18376418948173523
-0.1313318908214569
-0.09016937017440796
-0.09427908062934875
-0.10447795689105988
-0.11315158009529114
-0.13263922929763794
-0.12150584161281586
-0.09293374419212341
-0.181203693151474
-0.12984199821949005
-0.1685808300971985
-0.08397737145423889
-0.08354734629392624
-0.12075714766979218
-0.13478030264377594
-0.12684081494808197
-0.13272345066070557
-0.1300947368144989
-0.1662411093711853
-0.15765389800071716
-0.08237594366073608
-0.09796624630689621
-0.0859825611114502
-0.10969410836696625
-0.11280796676874161
-0.1116284728050232
-0.12774090468883514
-0.11142237484455109
-0.12934701144695282
-0.21053364872932434
-0.12649865448474884
-0.19656075537204742
-0.16168266534805298
-0.14086449146270752
-0.15571630001068115
-0.0771561861038208
-0.1375056803226471
-0.04548864811658859
-0.14629264175891876
-0.1597612202167511
-0.12247325479984283
-0.14763757586479187
-0.12951210141181946
-0.1280943900346756
-0.09759970754384995
-0.11809104681015015
-0.10821688175201416
-0.09366044402122498
-0.09978039562702179
-0.12599802017211914
-0.13177059590816498
-0.13739678263664246
-0.1292933225631714
-0.12908276915550232
-0.07520721852779388
-0.12706957757472992
-0.14613091945648193
-0.09612876921892166
-0.11097192764282227
-0.09058298170566559
-0.13702601194381714
-0.12048394232988358
-0.1367310881614685
-0.10022227466106415
-0.16187193989753723
-0.08654063940048218
-0.17248345911502838
-0.14673355221748352
-0.10932011157274246
-0.13450220227241516
-0.21595150232315063
-0.1597634255886078
-0.09067244827747345
-0.09546425938606262
-0.09609194099903107
-0.18985632061958313
-0.1459214687347412
-0.09356870502233505
-0.12338443845510483
-0.09559665620326996
-0.10637493431568146
-0.12124933302402496
-0.16922786831855774
-0.10230621695518494
-0.0878467708826065
-0.08562852442264557
-0.06053377315402031
-0.07014459371566772
-0.11902198195457458
-0.10297884047031403
-0.11605788767337799
-0.15609899163246155
-0.14897501468658447
-0.10320029407739639
-0.06208124756813049
-0.09666866064071655
-0.1949007213115692
-0.13094481825828552
-0.10451821237802505
-0.07803095877170563
-0.09882587194442749
-0.181112140417099
-0.1752948760986328
-0.1553247570991516
-0.10951732099056244
-0.08434010297060013
-0.11261671781539917
-0.04730989784002304
-0.08228878676891327
-0.08774368464946747
-0.18442946672439575
-0.16730466485023499
-0.06080130487680435
-0.1056254655122757
-0.07943018525838852
-0.05746304616332054
-0.10849298536777496
-0.08250831067562103
-0.06552844494581223
-0.10096186399459839
-0.12869663536548615
-0.1029525175690651
-0.11901375651359558
-0.12073783576488495
-0.08372265845537186
-0.06174778938293457
-0.17089828848838806
-0.06817909330129623
-0.0947728157043457
-0.08414754271507263
-0.08008307963609695
-0.11263863742351532
-0.13070985674858093
-0.096913643181324
-0.1117255911231041
-0.09910500794649124
-0.07013218104839325
-0.10730570554733276
-0.09834378957748413
-0.05270223692059517
-0.08118923008441925
-0.17621830105781555
-0.13996806740760803
-0.059196777641773224
-0.10134615004062653
-0.1218307763338089
-0.15720400214195251
-0.08349044620990753
-0.11116766929626465
-0.07598566263914108
-0.08552013337612152
-0.11698708683252335
-0.10922402888536453
-0.10146423429250717
-0.12546001374721527
-0.116434246301651
-0.11224459111690521
-0.05933021381497383
-0.06042896956205368
-0.1064632385969162
-0.046765003353357315
-0.11413109302520752
-0.1433517336845398
-0.09888806939125061
-0.1117779016494751
-0.07886609435081482
-0.05418505147099495
-0.06651419401168823
-0.14255636930465698
-0.051343224942684174
-0.08234596997499466
-0.0705423653125763
-0.10760647058486938
-0.09610676765441895
-0.07941586524248123
-0.0602153055369854
-0.057205554097890854
-0.06113053113222122
-0.05484796687960625
-0.11811086535453796
-0.08203701674938202
-0.08962178975343704
-0.08854087442159653
-0.06038041412830353
-0.06646755337715149
-0.07175619900226593
-0.05342985689640045
-0.0720922201871872
-0.0797518938779831
-0.0587812140583992
-0.05617419630289078
-0.06454765051603317
-0.0869905948638916
-0.09414592385292053
-0.06867623329162598
-0.0608077198266983
-0.06021346524357796
-0.07843303680419922
-0.051674701273441315
-0.12360580265522003
-0.08578136563301086
-0.0927865207195282
-0.06906382739543915
-0.10579204559326172
-0.12343814969062805
-0.11576204746961594
-0.047427933663129807
-0.059499144554138184
-0.08140935003757477
-0.07552800327539444
-0.1138366311788559
-0.09356576949357986
-0.12011217325925827
-0.04849488288164139
-0.06282609701156616
-0.07588691264390945
-0.07760584354400635
-0.12500222027301788
-0.09949366748332977
-0.0990242213010788
-0.08445963263511658
-0.14514753222465515
-0.15287308394908905
