-0.47100046932959216
-0.7608038780111589
-0.8005645720278816
-0.7717577723265027
-0.8650361555198579
-0.8876496761294127
-0.9054276097742083
-0.8984467950046798
-0.9225426815097124
-0.9288806955011064
-0.9365521640921018
-0.9408974461475459
-0.9484474294688786
-0.9518890610208681
-0.9568526300679127
-0.9591098839341766
-0.9629277426435536
-0.964541613655648
-0.9660964825622592
-0.9672195174371839
-0.969818140221786
-0.9720706600246856
-0.9716247030191217
-0.9733872775868977
-0.9734809772555265
-0.9740267348793459
-0.9752186710216607
-0.977277280820262
-0.9766523050722564
-0.9769940433206875
-0.9773717513593638
-0.9787161481626246
-0.9785478462148696
-0.9795939915031542
-0.9792323469106826
-0.9812431966122535
-0.9809487949579033
-0.9775848398175365
-0.9824640834338394
-0.9823787219668684
-0.9814491498668049
-0.9828562259312349
-0.9814732784551263
-0.9839615259448232
-0.9838678436620676
-0.983295862354079
-0.9827800216363354
-0.984390043818856
-0.9830582631494904
-0.982966078964971
-0.9843990875563697
-0.9853112946536514
-0.985298412061459
-0.9848507030415782
-0.9853267932772782
-0.9859853040270545
-0.9854642211939657
-0.9854472865164776
-0.9854281091168965
-0.9868119664304286
-0.9860005011139357
-0.9855562071211877
-0.985176813859669
-0.9860455035881844
-0.9865196279497934
-0.986353252615257
-0.9864493482791004
-0.986709875308304
-0.9863310028076464
-0.9822247201772916
-0.9870061077959531
-0.9863728787352151
-0.9871530913871004
-0.987841583994057
-0.9877684755026382
-0.9846050195076789
-0.9876249287635519
-0.9880847954847285
-0.9886123013077686
-0.9882194891243536
-0.9875214659924554
-0.9884442971959968
-0.988495375657682
-0.9812410920221768
-0.9873492446608231
-0.9873254678186991
-0.9859602618334404
-0.9856566902877728
-0.9873600867026164
-0.987480871288659
-0.9870421351668246
-0.9858945742623146
-0.9867921899641626
-0.9813926607606882
-0.9871816901882506
-0.9876671967095688
-0.9864995954958667
-0.9877827229838785
-0.9871266619821808
-0.9868925531548305
