0.04395059526438637
0.022237148574387966
0.012695570486301868
0.022662785859690386
0.040201060934077625
0.030183182393072633
0.0231528606763365
0.0235513803410952
0.025731529003071307
0.01655628803111521
0.018157853014108036
0.01606084339732566
0.024820106388895705
0.026338074943408826
0.0074296918531521795
0.02269861263085001
0.008719049735423921
0.015353958555519983
0.01874876161796857
0.008663314881863483
0.03058363572223374
0.01495685253248654
0.006740621887717275
0.012962973430018048
0.012501931155982799
0.006771845422704435
0.010038810710980207
0.00915178650543224
0.014385915522783316
0.016376908182826676
0.005415809991610452
0.006110529852960992
0.010997832435995648
0.0060341231441442544
0.00923507140431985
0.005711609613549926
0.010763409729761435
0.004483148079878208
0.0033065444048360313
0.004704087053984089
0.003990237733077048
0.006353686730474443
0.0036033043847035935
0.006004735250560209
0.003664354171679071
0.00502304846820383
0.006624268357505646
0.00553199213316715
0.004835088599914752
0.0030681766691742973
0.005586227946753873
0.005231649659898633
0.0037569681064405884
0.004416408564866264
0.0016245654122003063
0.001990833801655089
0.005143582365381701
0.005044706690282191
0.0037364653663333417
0.0016091464960323195
0.0010055929157312153
0.0027577530874723535
0.004268298632807753
0.0024572685039058414
0.00275162465583628
0.0011679694057621219
0.0010180822858678418
0.0020521177646686825
0.0016712601381834939
0.0016920443776730345
0.0024679855184460467
0.0016574948667200618
0.0007856818682045499
0.0006307042582893977
0.0017180737403550393
0.0011299793923477209
0.00124001695194474
0.0010027141203804142
0.0007419958196662624
0.000783423925631341
0.0006946213749424129
0.0006517481527737395
0.0009315269020120534
0.0007705498546763358
0.0010521187575305772
0.0011913097539171975
0.0006820548677931007
0.0005576147607127702
0.00034298437074585536
0.0006655282079586111
0.0011710591162883998
0.0009116554066274979
0.0009497428241106598
0.0005072931208449968
0.00047280339909762403
0.0008910117793714507
0.0007215174651054535
0.0005822632996931853
0.0007290575814844944
0.0005786275370017453
0.00022476505151626926
0.0003941272529368644
0.0007693572109447474
0.0006447648681675214
0.0005182242003938528
0.00047423147496789757
0.0002380418293190278
0.0003581340629560603
0.0003905029980919835
0.00038021185758997796
0.0004674521115342396
0.000390806696811326
0.0005469236835948612
0.00016556904608901806
0.0005807494151371473
0.00038729036711483624
0.0004285792561389435
0.0003934610443528517
0.0004766067462838844
0.0002917915056372
0.0003807240782422456
0.00031571911630585666
0.00026143421805011513
0.0005109931045070191
0.0005338868350067012
0.00028076869968978856
0.00039520341302138354
0.000349710515594608
0.0004201355597408766
0.00031552033998702976
0.000671097630440505
0.00013532178184470902
0.00021432454818477275
0.00017492004257347481
0.0004266219403739566
0.00039107338122277766
0.000440670326990525
0.00018051312324929232
0.00023586786326271902
0.00025187392846498437
0.00019292923832586408
0.0003692611182146678
0.0003133225914892438
0.0003203581806821709
0.00015354497789911317
0.00024305348272113053
0.00038605273816683767
0.00015486628998723017
0.00011844629508423298
0.0004221549361396942
0.00018545065747000274
0.00015699052309915863
0.00016304159524274344
0.00022394997442605342
0.00022192526794900507
0.00014195643605907168
5.739336856115441e-05
0.0002671067619683332
0.0001660638784649875
0.0002909316755893651
0.00026062969532770206
0.00041066918994466753
0.0001942489786240544
0.00018938682275476633
0.0002478776763910993
0.00029767252942303424
0.0002927535655991224
0.00026076942464989847
0.0003246587142016584
0.0002096159533962851
0.00015333714280117626
0.0002474962276016717
0.0002729581524793448
0.0002623848738033442
0.00017406414807345249
6.818840481444304e-05
4.411909453860058e-05
0.0004076845340204621
0.00020104798369188672
0.0001306046252549325
0.00020989509792537607
0.00026262130252449297
0.0001340513453160292
0.00031702353773393663
0.00011572979087524994
0.00016178030262759728
0.00011788228343403794
0.00017633242331748346
0.00018985226085573524
0.00016824806911965604
0.00021361762504622673
0.0001242678914902423
0.000130162962688268
0.00024274278896609927
0.00020311905939608216
0.00010260449356520074
0.00017906714066574724
0.00014693369274014058
0.00019331213734423192
0.00015468660825671682
0.00031151786204319066
0.0003025943162016777
0.00021897296803755537
0.00023074613233388684
0.000282483624279943
0.0003330521639811042
0.0003232246402443095
0.00021824985142673123
0.0001125442671057828
0.0001384156704460529
0.00011079105432939727
0.00011384312188262373
0.00013611443523888395
8.447268228180497e-05
0.00016180736495451724
6.397002594907663e-05
0.00013768698567669793
0.00019682812110170892
8.873194213357663e-05
0.00018903126531844607
0.0001584044656365984
0.0001368867532190856
0.00018100272274806928
0.00010461793481189917
8.861085773166562e-05
0.0001120782896025516
0.00019522882552628262
0.00010135747499203825
0.00013307836496083967
0.00013387840243956267
9.229046397799383e-05
0.0001325894676565031
7.997361577075016e-05
0.00016931149399892277
9.999775330390015e-05
9.21359508273556e-05
5.962155857021253e-05
6.678402793575037e-05
0.00012526896753468946
0.00017225458807983916
0.00018937590494266476
8.577401332090991e-05
0.00013698900608046774
0.00028067767290031203
0.00015996119390654896
8.065319492599451e-05
7.46956919649278e-05
0.00015179252597272798
0.00022275054613337555
0.00017531694644604525
0.00014868749456924444
5.886098379455601e-05
0.00014905074595077757
0.00022174029264699128
0.0002853854463788228
8.055181672937735e-05
1.9808321539397048e-05
0.0001917286929044865
0.00014204847091196646
0.00022759769897919303
0.00013877881693563117
0.0001094269767263451
6.855179772567184e-05
0.00012621514656831884
0.00015078994676288464
0.00018586064820346826
9.420876107141577e-05
0.00011667675162170554
8.386471472062968e-05
0.0001810323447412603
0.00019079605533056865
5.935185311700203e-05
0.0001611634849746831
8.746001718858396e-05
9.154310245940863e-05
7.631817272268018e-05
0.00011237632967840434
8.28532108344305e-05
3.034339907768008e-05
8.664350920186792e-05
0.00014969024623671956
6.55841589277167e-05
8.229202253848166e-05
6.033450937259984e-05
3.0139762430620476e-05
5.7474286241576054e-05
7.981251877755393e-05
4.305066972267836e-05
7.005436031077677e-05
6.671488178032606e-05
5.379780366502272e-05
9.804207564972274e-05
9.188371981472833e-05
7.40372012556627e-05
6.637178732549013e-05
2.8878041319574888e-05
8.957274675767466e-05
0.0002332528451236388
8.94723328571629e-05
4.74638526525821e-05
0.0001313169482951113
0.00018650228054358685
5.5152444838219404e-05
9.502881511197359e-05
5.984107846021128e-05
9.524861743559672e-05
8.536983854030307e-05
8.13635527437137e-05
4.332581766814631e-05
5.9758213360593075e-05
9.196788284066294e-05
0.00017974903856513662
5.490424317228815e-05
3.685100931340834e-05
9.902429668990803e-05
0.00010865832516844312
6.518198903666286e-05
3.0783646612999655e-05
4.882050181069882e-05
8.552360022250917e-05
9.153722884089238e-05
4.910487396697889e-05
3.9224896358228814e-05
3.744377582743357e-05
8.673300214702405e-05
6.83017771713397e-05
2.42108280587044e-05
5.3468595843674026e-05
4.839611401979171e-05
7.305197566791251e-05
5.364020873382672e-05
5.2038021046725444e-05
1.5529901225977512e-05
5.449370412800595e-05
2.6456655387422144e-05
3.418029418209018e-05
7.222616629672866e-05
5.25136515063315e-05
3.665430918306625e-05
2.41626295044502e-05
2.6914697274098236e-05
9.508757277408739e-05
5.330275092459122e-05
5.0296420221567254e-05
5.033804312906192e-05
9.421201418615592e-05
8.469957981066542e-05
4.514339229450639e-05
5.820512075386494e-05
7.781639714733814e-05
9.253030057430154e-05
0.00010620291000377022
3.1537467038693e-05
7.375974740647361e-05
0.00012119307399714353
0.00010515649409550127
4.108325298757425e-05
2.0264420144378436e-05
0.00011819551578685504
0.00013851130723730378
8.170928884345313e-05
3.716438802533613e-05
6.339548867380578e-05
0.00011834187176634754
8.765618622935742e-05
5.582997416068709e-05
4.406213579778767e-05
6.838170749983726e-05
7.540326709815244e-05
7.445779391825004e-05
